# oST version 5.0 parameters


[image]

width
1280

height
720

[narrow_stereo/left]

camera matrix
1151.499469 0.000000 543.634367
0.000000 1141.721935 386.055079
0.000000 0.000000 1.000000

distortion
0.400194 -0.202517 0.015490 -0.052303 0.000000

rectification
0.977525 0.018150 -0.210035
-0.015843 0.999794 0.012660
0.210222 -0.009048 0.977612

projection
1723.126786 0.000000 682.346195 0.000000
0.000000 1723.126786 375.860954 0.000000
0.000000 0.000000 1.000000 0.000000

# oST version 5.0 parameters


[image]

width
1280

height
720

[narrow_stereo/right]

camera matrix
1129.145417 0.000000 656.813427
0.000000 1127.921270 373.161746
0.000000 0.000000 1.000000

distortion
0.584932 -0.680486 -0.011539 0.031626 0.000000

rectification
0.991466 -0.085868 0.098088
0.086936 0.996192 -0.006657
-0.097143 0.015127 0.995155

projection
1723.126786 0.000000 682.346195 -458.318666
0.000000 1723.126786 375.860954 0.000000
0.000000 0.000000 1.000000 0.000000

