image_width: 1280
image_height: 720
camera_name: narrow_stereo/right
camera_matrix:
  rows: 3
  cols: 3
  data: [1129.145417, 0.000000, 656.813427, 0.000000, 1127.921270, 373.161746, 0.000000, 0.000000, 1.000000]
distortion_model: plumb_bob
distortion_coefficients:
  rows: 1
  cols: 5
  data: [0.584932, -0.680486, -0.011539, 0.031626, 0.000000]
rectification_matrix:
  rows: 3
  cols: 3
  data: [0.991466, -0.085868, 0.098088, 0.086936, 0.996192, -0.006657, -0.097143, 0.015127, 0.995155]
projection_matrix:
  rows: 3
  cols: 4
  data: [1723.126786, 0.000000, 682.346195, -458.318666, 0.000000, 1723.126786, 375.860954, 0.000000, 0.000000, 0.000000, 1.000000, 0.000000]
