# oST version 5.0 parameters


[image]

width
1920

height
1080

[narrow_stereo]

camera matrix
1558.725883 0.000000 932.778826
0.000000 1558.793279 608.402017
0.000000 0.000000 1.000000

distortion
0.501945 -0.942471 0.006390 -0.000237 0.000000

rectification
1.000000 0.000000 0.000000
0.000000 1.000000 0.000000
0.000000 0.000000 1.000000

projection
1654.368408 0.000000 929.333162 0.000000
0.000000 1658.975464 612.717053 0.000000
0.000000 0.000000 1.000000 0.000000

