# oST version 5.0 parameters


[image]

width
1920

height
1080

[narrow_stereo]

camera matrix
1511.393397 0.000000 956.700081
0.000000 1532.307394 481.230483
0.000000 0.000000 1.000000

distortion
0.361700 -0.434911 -0.020383 0.005515 0.000000

rectification
1.000000 0.000000 0.000000
0.000000 1.000000 0.000000
0.000000 0.000000 1.000000

projection
1641.297729 0.000000 965.365007 0.000000
0.000000 1650.072021 461.324672 0.000000
0.000000 0.000000 1.000000 0.000000

